0.01	0.03999733338666616	3.998133498660216	
0.02	0.07997866837326832	3.9949344585620876	
0.03	0.11992801295888919	3.9901374979456192	
0.04	0.1598293879383454	3.983744535531091	
0.05	0.1996668332936563	3.9757581284182435	
0.06	0.23942441457783872	3.9661814710634227	
0.07	0.279086229288473	3.9550183940018986	
0.08	0.31863641322849195	3.942273362315642	
0.09	0.35805914685164836	3.927951473847404	
0.1	0.39733866159012243	3.9120584571616233	
0.11	0.43645924616173865	3.894600669253053	
0.12	0.47540525285426916	3.8755850930041045	
0.13	0.5141611037843102	3.855019334391726	
0.14	0.5527112971282275	3.8329116194451633	
0.15	0.5910404133226791	3.80927079095564	
0.16	0.6291331212322355	3.784106304939324	
0.17	0.6669741842816288	3.7574282268551156	
0.18	0.7045484665501799	3.729247227578544	
0.19	0.7418409388259654	3.6995745791335657	
0.2	0.778836684617301	3.6684221501839325	
0.21	0.8155209061191403	3.6358024012858894	
0.22	0.8518789301319992	3.6017283799040314	
0.23	0.8878962139310396	3.56621371519263	
0.24	0.9235583510829658	3.529272612544018	
0.25	0.958851077208406	3.490919847906745	
0.26	0.9937602756874735	3.4511707618752854	
0.27	1.0282719833062264	3.4100412535540383	
0.28	1.0623723958417668	3.3675477741980475	
0.29	1.0960478735837471	3.32370732063236	
0.3	1.1292849467900707	3.2785374284539395	
0.31	1.1620703210746102	3.2320561650174024	
0.32	1.1943908827247842	3.1842821222083346	
0.33	1.2262337039468676	3.135234409006957	
0.34	1.2575860480369372	3.084932643844504	
0.35000000000000003	1.2884353744753823	3.033396946756409	
0.36	1.3187693439429462	2.9806479313343877	
0.37	1.34857582325629	2.926706696481249	
0.38	1.3778428902211026	2.871594817971765	
0.39	1.4065588384008203	2.8153343398225257	
0.4	1.4347121817990456	2.7579477654746194	
0.41000000000000003	1.4622916594537918	2.6994580487926925	
0.42	1.4892862399417186	2.6398885848835296	
0.43	1.515685125790554	2.5792632007384664	
0.44	1.5414777577979386	2.51760614570282	
0.45	1.5666538192549668	2.454942081776521	
0.46	1.591203240072732	2.391296073749658	
0.47000000000000003	1.6151162008102287	2.326693579176797	
0.48	1.6383831366019965	2.2611604381944406	
0.49	1.660994740983941	2.194722863185204	
0.5	1.682941969615793	2.1274074282932913	
0.51	1.704216043898726	2.05924105879509	
0.52	1.7248084544866769	1.990251020329568	
0.53	1.7447109646899726	1.9204649079922458	
0.54	1.763915613769895	1.8499106352975787	
0.55	1.7824147201228708	1.778616423013933	
0.56	1.8002008843530102	1.7066107878756382	
0.5700000000000001	1.8172669922317666	1.6339225311767291	
0.58	1.8336062175435337	1.560580727250692	
0.59	1.8492120248160406	1.486614711841193	
0.6	1.8640781719344526	1.4120540703682614	
0.61	1.8781987126381352	1.336928626094268	
0.62	1.891567998899078	1.2612684281953601	
0.63	1.9041806831810315	1.1851037397418318	
0.64	1.9160317205784498	1.108465025593607	
0.65	1.927116370834386	1.0313829402144528	
0.66	1.9374302002365305	0.9538883154108326	
0.67	1.9469690833906388	0.8760121479993713	
0.68	1.9557292048706325	0.7977855874087052	
0.6900000000000001	1.9637070607447196	0.7192399232200934	
0.7000000000000001	1.9708994599769205	0.6404065726519036	
0.71	1.9773035257034395	0.5613170679933384	
0.72	1.9829166963833729	0.48200304399168514	
0.73	1.9877367268232897	0.4024962251990335	
0.74	1.99176168907528	0.32282841328288264	
0.75	1.994989973208109	0.24303147430571026	
0.76	1.997420287951166	0.16313732597921224	
0.77	1.9990516612109581	0.0831779248974484	
0.78	1.9998834404599326	0.003185253754756087	
0.79	1.9999152929974802	-0.07680869144699447	
0.8	1.9991472060830102	-0.15677191419622968	
0.81	1.997579486941048	-0.23667243027005713	
0.8200000000000001	1.9952127626383473	-0.31647828052738775	
0.8300000000000001	1.9920479798330735	-0.396157543692159	
0.84	1.988086404396152	-0.47567834912147733	
0.85	1.9833296209049371	-0.5550088895534206	
0.86	1.977779532009403	-0.6341174338295946	
0.87	1.971438357671107	-0.7129723395870029	
0.88	1.964308634275237	-0.7915420659147625	
0.89	1.9563932136160893	-0.8697951859699008	
0.9	1.9476952617563903	-0.9477003995477675	
0.91	1.9382182577609126	-1.025226545601642	
0.92	1.9279659923048962	-1.1023426147067852	
0.93	1.9169425661578283	-1.179017761463762	
0.9400000000000001	1.9051523885431907	-1.2552213168361737	
0.9500000000000001	1.892600175374829	-1.3309228004179243	
0.96	1.8792909473706498	-1.4060919326248853	
0.97	1.865230028044401	-1.480698646806443	
0.98	1.8504230415763365	-1.5547131012716862	
0.99	1.8348759105636196	-1.6281056912256215	
1.0	1.8185948536513634	-1.7008470606108868	
1.01	1.8015863830452545	-1.7729081138495346	
1.02	1.7838573019067592	-1.8442600274811023	
1.03	1.7654147016319481	-1.914874261691522	
1.04	1.746265959015033	-1.984722571728546	
1.05	1.7264187332977474	-2.053777019199508	
1.06	1.7058809631057523	-2.1220099832460964	
1.07	1.6846608632732913	-2.1893941715925163	
1.08	1.6627669215573662	-2.2559026314618014	
1.09	1.6402078952427481	-2.321508760356792	
1.1	1.6169928076391802	-2.386186316700709	
1.11	1.593130944472173	-2.449909430333339	
1.12	1.5686318501688397	-2.512652612858821	
1.1300000000000001	1.5435053240402514	-2.574390767840782	
1.1400000000000001	1.5177614163618436	-2.6350992008403495	
1.1500000000000001	1.49141042435344	-2.6947536292937797	
1.16	1.4644628880605028	-2.7533301922250537	
1.17	1.4369295861382523	-2.810805459789975	
1.18	1.4088215315403525	-2.867156442647964	
1.19	1.3801499671138728	-2.9223606011570897	
1.2	1.350926361102302	-2.9763958543900433	
1.21	1.3211624025584014	-3.029240588965984	
1.22	1.2908699966687416	-3.0808736676957134	
1.23	1.2600612599917844	-3.1312744380360886	
1.24	1.2287485156114235	-3.1804227403510605	
1.25	1.1969442882079129	-3.2282989159749116	
1.26	1.1646612990481637	-3.27488381507581	
1.27	1.1319124608974056	-3.32015880431524	
1.28	1.0987108728542532	-3.364105774301082	
1.29	1.0650698151112423	-3.406707146831397	
1.3	1.0310027436429283	-3.4479458819251154	
1.31	0.9965232848236771	-3.4878054846380593	
1.32	0.9616452299772965	-3.526270011660612	
1.33	0.9263825298606904	-3.563324077694804	
1.34	0.8907492890837423	-3.59895286160827	
1.35	0.8547597604676596	-3.6331421123624943	
1.36	0.8184283393440346	-3.6658781547130173	
1.37	0.7817695577969044	-3.6971478946793725	
1.3800000000000001	0.7447980788501106	-3.726938824782519	
1.3900000000000001	0.7075286906022854	-3.7552390290476043	
1.4000000000000001	0.6699763003118093	-3.7820371877702517	
1.41	0.6321559284341076	-3.8073225820442778	
1.42	0.5940827026136648	-3.8310850980491216	
1.43	0.5557718516331736	-3.8533152310951855	
1.44	0.5172386993222217	-3.8740040894256778	
1.45	0.47849865842796485	-3.8931433977730934	
1.46	0.4395672244502339	-3.9107255006692787	
1.47	0.40045996944354106	-3.92674336550752	
1.48	0.36119253578846583	-3.9411905853554274	
1.49	0.3217806299349115	-3.954061381517706	
1.5	0.2822400161197344	-3.965350605847489	
1.51	0.2425865100612595	-3.9750537428055726	
1.52	0.20283597263320374	-3.983166911266547	
1.53	0.16300430352053824	-3.989686866071191	
1.54	0.1231074348598263	-3.994610999324528	
1.55	0.08316132486658098	-3.997937341438903	
1.56	0.04318195145219192	-3.999664561921823	
1.57	0.0031853058329736565	-3.9997919699081237	
1.58	-0.03681261386610762	-3.9983195144363104	
1.59	-0.07679580901047076	-3.9952477844689382	
1.6	-0.11674828685516017	-3.9905780086570384	
1.61	-0.1566540669417306	-3.9843120548486732	
1.62	-0.19649718749021736	-3.976452429341822	
1.6300000000000001	-0.23626171178363561	-3.9670022758818915	
1.6400000000000001	-0.27593173454245457	-3.955965374404271	
1.6500000000000001	-0.3154913882864973	-3.943346139522382	
1.6600000000000001	-0.35492484968172117	-3.9291496187619352	
1.67	-0.3942163458693397	-3.9133814905419526	
1.68	-0.43335016077475924	-3.89604806190347	
1.69	-0.472310641393794	-3.877156265986844	
1.7	-0.5110822040536624	-3.856713659258556	
1.71	-0.549649340646248	-3.8347284184887163	
1.72	-0.5879966248311352	-3.811209337480511	
1.73	-0.6261087182059404	-3.786165823552775	
1.74	-0.6639703764414682	-3.759607893777147	
1.75	-0.7015664553792397	-3.731546170971453	
1.76	-0.7388819170889542	-3.701991879450636	
1.77	-0.7759018358834606	-3.670956840537295	
1.78	-0.8126114042888336	-3.638453467833155	
1.79	-0.8489959389671652	-3.6044947622539705	
1.8	-0.8850408865897049	-3.569094306829165	
1.81	-0.9207318296579966	-3.5322662612689095	
1.82	-0.9560544922706857	-3.494025356300409	
1.83	-0.9909947458336898	-3.45438688777577	
1.84	-1.0255386147114476	-3.413366710553919	
1.85	-1.0596722818169868	-3.370981232158751	
1.86	-1.0933820941385743	-3.3272474062165682	
1.87	-1.12665456820074	-3.2821827256746174	
1.8800000000000001	-1.1594763954574863	-3.235805215804219	
1.8900000000000001	-1.1918344476155285	-3.1881334269909996	
1.9000000000000001	-1.2237157818854385	-3.1391864273148746	
1.9100000000000001	-1.2551076461585873	-3.088983794923105	
1.92	-1.2859974841078177	-3.037545610199219	
1.93	-1.3163729402098099	-2.984892447731344	
1.94	-1.3462218646871233	-2.9310453680824162	
1.95	-1.3755323183679475	-2.8760259093663283	
1.96	-1.4042925774616108	-2.819856078633018	
1.97	-1.432491138247941	-2.762558343065799	
1.98	-1.460116721678599	-2.7041556209949946	
1.99	-1.487158277888549	-2.644671272730734	
2.0	-1.5136049906158564	-2.5841290912191743	
2.0100000000000002	-1.5394462815280487	-2.5225532925257403	
2.02	-1.5646718144533056	-2.459968506148856	
2.0300000000000002	-1.5892714995147947	-2.396399765168684	
2.04	-1.613235497166481	-2.331872496233994	
2.05	-1.6365542221288205	-2.2664125093920715	
2.06	-1.6592183472227418	-2.2000459877647787	
2.07	-1.681218807100389	-2.132799477075937	
2.08	-1.702546801871149	-2.0646998750332597	
2.09	-1.723193800621481	-1.9957744205694832	
2.1	-1.7431515448271764	-1.9260506829474633	
2.11	-1.7624120516566506	-1.855556550732597	
2.12	-1.780967617163977	-1.784320220637874	
2.13	-1.7988108193703554	-1.7123701862455092	
2.14	-1.8159345212328108	-1.63973522660993	
2.15	-1.8323318734989098	-1.566444394746566	
2.16	-1.8479963174463758	-1.492527006010956	
2.17	-1.862921587506485	-1.4180126263730337	
2.18	-1.8771017137702157	-1.342931060591119	
2.19	-1.8905310243761266	-1.2673123402905313	
2.2	-1.9032041477790322	-1.191186711951023	
2.21	-1.9151160148985422	-1.114584624809086	
2.22	-1.9262618611466333	-1.0375367186781226	
2.23	-1.9366372283334143	-0.9600738116933183	
2.24	-1.9462379664503477	-0.8822268879846461	
2.25	-1.955060235330194	-0.8040270852836909	
2.2600000000000002	-1.9631005061830311	-0.725505682468801	
2.27	-1.970355563007719	-0.6466940870542076	
2.2800000000000002	-1.9768225038782612	-0.5676238226272844	
2.29	-1.982498742104534	-0.488326516239501	
2.3000000000000003	-1.987382007266929	-0.40883388575617446	
2.31	-1.9914703461244907	-0.3291777271695898	
2.32	-1.9947621233961865	-0.24938990188111945	
2.33	-1.9972560224149978	-0.16950232395703063	
2.34	-1.998951045654568	-0.08954694736335937	
2.35	-1.9998465151282017	-0.009555753184731433	
2.36	-1.999942072660049	0.07043926316780806	
2.37	-1.9992376800283709	0.15040610475425586	
2.38	-1.9977336189808284	0.23031278590416893	
2.39	-1.9954304911217866	0.31012734501053124	
2.4	-1.9923292176716814	0.38981785731385876	
2.41	-1.9884310390985427	0.46935244767175477	
2.42	-1.9837375146218252	0.5486993033085514	
2.43	-1.9782505215887396	0.627826686539903	
2.44	-1.9719722547233407	0.7067029474675582	
2.45	-1.964905225248665	0.7852965366388077	
2.46	-1.957052259882277	0.8635760176658702	
2.47	-1.9484164997056181	0.9415100798000765	
2.48	-1.9390013989076176	1.0190675504556421	
2.49	-1.928810723403061	1.0962174076784248	
2.5	-1.917848549326277	1.1729287925541683	
2.5100000000000002	-1.906119261400735	1.249171021551736	
2.52	-1.8936275511852179	1.3249135987960874	
2.5300000000000002	-1.8803784151972567	1.4001262282661817	
2.54	-1.8663771529145952	1.4747788259130583	
2.5500000000000003	-1.8516293646554642	1.548841531693068	
2.56	-1.836140949338534	1.6222847215113037	
2.57	-1.8199181021234212	1.695079019071116	
2.58	-1.8029673119327096	1.7671953076240743	
2.59	-1.7852953588564693	1.8386047416162585	
2.6	-1.7669093114403063	1.9092787582261923	
2.61	-1.7478165238580448	1.9791890887895556	
2.62	-1.7280246329701487	2.0483077701062493	
2.63	-1.7075415552690867	2.1166071556252897	
2.64	-1.6863754837128333	2.1840599265031257	
2.65	-1.6645348844478025	2.2506391025307972	
2.66	-1.642028493422494	2.316318052925564	
2.67	-1.6188653128932389	2.3810705069829634	
2.68	-1.5950546078234087	2.4448705645848077	
2.69	-1.5706059021775611	2.5076927065586263	
2.7	-1.5455289751119743	2.569511804885282	
2.71	-1.519833857063122	2.630303132749684	
2.72	-1.4935308257356246	2.6900423744312136	
2.73	-1.466630401991313	2.7487056350297387	
2.74	-1.439143345641015	2.8062694500231733	
2.75	-1.4110806511407838	2.8627107946530344	
2.7600000000000002	-1.3824535431942528	2.918007093133963	
2.77	-1.3532734722629138	2.972136227683928	
2.7800000000000002	-1.3235521099860739	3.025076547370762	
2.79	-1.293301344512367	3.076806876772449	
2.8000000000000003	-1.2625332757446417	3.127306524446971	
2.81	-1.2312602105001726	3.1765552912085724	
2.82	-1.1994946575880876	3.2245334782072286	
2.83	-1.1672493228060146	3.2712218948077996	
2.84	-1.1345371038579373	3.3166018662661347	
2.85	-1.1013710851952752	3.360655241198734	
2.86	-1.0677645327832885	3.403364398843022	
2.87	-1.0337308887948575	3.444712256105338	
2.88	-0.9992837662338049	3.4846822743940993	
2.89	-0.9644369434898631	3.5232584662349105	
2.9	-0.9292043588275147	3.560425401665386	
2.91	-0.89360010481086	3.596168214406902	
2.92	-0.8576384226667918	3.6304726078109244	
2.93	-0.8213336965886817	3.6633248605774775	
2.94	-0.7847004479829077	3.6947118322434838	
2.95	-0.747753329660472	3.724620968438754	
2.96	-0.7105071199760853	3.753040305907598	
2.97	-0.6729767169170084	3.779958477293957	
2.98	-0.6351771321440697	3.805364715688165	
2.99	-0.5971234849871871	3.8292488589336244	
3.0	-0.5588309963978517	3.8516013536914695	
3.0100000000000002	-0.5203149828609361	3.872413259261858	
3.02	-0.4815908502683184	3.8916762511600136	
3.0300000000000002	-0.44267408775671735	3.9093826244460397	
3.04	-0.4035802615122578	3.925525296806685	
3.0500000000000003	-0.36432500854419003	3.9400978113882497	
3.06	-0.3249240304303084	3.9530943393792013	
3.0700000000000003	-0.28539308703651545	3.96450968234162	
3.08	-0.2457479902131001	3.974339274290524	
3.09	-0.2060045974701957	3.9825791835201985	
3.1	-0.1661788056349928	3.9892261141768097	
3.11	-0.12628654449322554	3.994277407576726	
3.12	-0.08634377041745736	3.9977310432699316	
3.13	-0.0463664599847589	3.9995856398481995	
3.14	-0.006370603586275981	3.999840455497626	
3.15	0.033627800968699426	3.9984953882953485	
3.16	0.07361275485165383	3.9955509762503123	
3.17	0.1135682646141561	3.9910083970880814	
3.18	0.15347834858503784	3.9848694677797494	
3.19	0.19332704326283448	3.9771366438151876	
3.2	0.23309840970098727	3.967813018220885	
3.21	0.2727765398831953	3.956902320322761	
3.22	0.3123455630864238	3.9444089142545056	
3.23	0.351789652228968	3.9303377972119615	
3.24	0.39109303020108854	3.9146945974543326	
3.25	0.43023997617563103	3.8974855720529655	
3.2600000000000002	0.4692148318961616	3.878717604388548	
3.27	0.5080020079400462	3.8583982013979385	
3.2800000000000002	0.5465859899540265	3.836535490571373	
3.29	0.5849513448597394	3.8131382167017067	
3.3000000000000003	0.6230827270267574	3.7882157383865276	
3.31	0.6609648844106218	3.7617780242848693	
3.3200000000000003	0.6985826646534714	3.7338356491298703	
3.33	0.7359210211447693	3.7043997894990146	
3.34	0.7729650190397587	3.6734822193437084	
3.35	0.8096998412331966	3.6410953052797845	
3.36	0.8461107942859937	3.60725200164102	
3.37	0.8821833143024047	3.5719658452976626	
3.38	0.9179029727553806	3.53525095024176	
3.39	0.953255482257799	3.4971220019418072	
3.4	0.9882267022772163	3.457594251468763	
3.41	1.0228026447919047	3.416683509395752	
3.42	1.0569694798858615	3.374406139474162	
3.43	1.090713541280604	3.3307790520882774	
3.44	1.124021331801486	3.2858196974913674	
3.45	1.1568795287764004	3.2395460588257508	
3.46	1.1892749893646573	3.191976644930021	
3.47	1.2211947558139582	3.1431304829354194	
3.48	1.2526260606433117	3.093027110655506	
3.49	1.2835563317498675	3.0416865687711274	
3.5	1.3139731974375781	2.989129392814547	
3.5100000000000002	1.3438644913657243	2.935376604955327	
3.52	1.373218257415277	2.880449705592003	
3.5300000000000002	1.4020227544711976	2.824370664751868	
3.54	1.4302664611187157	2.7671619133036645	
3.5500000000000003	1.457938080251753	2.7088463339851288	
3.56	1.4850265435916037	2.6494472522504307	
3.5700000000000003	1.5115210161141086	2.5889884269403636	
3.58	1.5374109003835117	2.5274940407788864	
3.59	1.5626858407913	2.4649886907005856	
3.6	1.5873357276983064	2.4014973780120585	
3.61	1.6113507014784265	2.337045498391878	
3.62	1.6347211564623458	2.27165883173253	
3.63	1.6574377447796707	2.205363531828868	
3.64	1.6794913800979598	2.1381861159169415	
3.65	1.7008732412571288	2.0701534540674214	
3.66	1.7215747757978035	2.0012927584379208	
3.67	1.7415877033821823	1.9316315723886033	
3.68	1.7609040191060688	1.8611977594650895	
3.69	1.7795159967007192	1.7900194922534172	
3.7	1.7974161916232538	1.718125241111449	
3.71	1.814597444034368	1.645543762781083	
3.72	1.8310528816621792	1.572304088885901	
3.73	1.8467759225510378	1.4984355143189063	
3.74	1.8617602776942273	1.4239675855250848	
3.75	1.8759999535494778	1.3489300886830113	
3.7600000000000002	1.8894892544363082	1.2733530377909967	
3.77	1.902222784814218	1.197266662661639	
3.7800000000000002	1.9141954514408346	1.120701396830583	
3.79	1.9254024654091402	1.0436878653832673	
3.8000000000000003	1.935839344062973	0.9662568727054606	
3.81	1.9455019127900275	0.8884393901618343	
3.8200000000000003	1.954386306691646	0.8102665437078334	
3.83	1.9624889721287242	0.7317696014397623	
3.84	1.9698066681431217	0.6529799610878921	
3.85	1.9763364677540007	0.573929137457897	
3.86	1.9820757591285796	0.49464874982519913	
3.87	1.9870222466268317	0.4151705092877966	
3.88	1.9911739517197096	0.3355262060822073	
3.89	1.9945292137805317	0.2557476968678306	
3.9	1.99708669074921	0.17586689198458444	
3.91	1.9988453596690559	0.09591574268945839	
3.92	1.9998045170959504	0.01592622837607268	
3.93	1.9999637793797111	-0.0640696562162826	
3.94	1.9993230828175483	-0.1440399138004278	
3.95	1.997882683679544	-0.2239525573395399	
3.96	1.9956431581061487	-0.3037756228417329	
3.97	1.9926054018777313	-0.3834771821450504	
3.98	1.9887706300562809	-0.46302535568848485	
3.99	1.984140376499396	-0.5423883252632438	
4.0	1.9787164932467636	-0.6215343467396294	
4.01	1.9725011497793674	-0.700431762764328	
4.0200000000000005	1.9654968321517237	-0.7790490154229113	
4.03	1.9577063419974947	-0.8573546588624931	
4.04	1.94913279540887	-0.9353173718697572	
4.05	1.9397796216901726	-1.0129059703990233	
4.0600000000000005	1.9296505619861817	-1.0900894200453604	
4.07	1.9187496677857283	-1.1668368484579998	
4.08	1.9070812993011486	-1.2431175576888929	
4.09	1.89465012372426	-1.3189010364713931	
4.1	1.8814611133595462	-1.3941569724243932	
4.11	1.8675195436353014	-1.4688552641769361	
4.12	1.8528309909935323	-1.5429660334083213	
4.13	1.8374013306594494	-1.616459636798896	
4.14	1.8212367342914608	-1.6893066778872892	
4.15	1.8043436675125868	-1.761478018828326	
4.16	1.786728887324304	-1.8329447920478916	
4.17	1.7683994394038254	-1.9036784117895296	
4.18	1.7493626552859305	-1.9736505855485476	
4.19	1.7296261494304437	-2.0428333253883038	
4.2	1.709197816176561	-2.1111989591353413	
4.21	1.6880858265852081	-2.1787201414476676	
4.22	1.666298625170732	-2.245369864752593	
4.23	1.6438449265232045	-2.3111214700495313	
4.24	1.6207337118227096	-2.3759486575729634	
4.25	1.5969742252469805	-2.439825497312261	
4.26	1.5725759702738584	-2.502726439383216	
4.2700000000000005	1.5475487058800246	-2.564626324247642	
4.28	1.5219024426375487	-2.62550039277697	
4.29	1.4956474387097796	-2.6853242961553243	
4.3	1.468794195748227	-2.7440741056191356	
4.3100000000000005	1.4413534546920337	-2.801726322027835	
4.32	1.413336191471756	-2.858257885263565	
4.33	1.3847536126191209	-2.9136461834548166	
4.34	1.3556171507845733	-2.9678690620207333	
4.3500000000000005	1.325938460164364	-3.0209048325329424	
4.36	1.2957294118390352	-3.072732281390332	
4.37	1.2650020890251326	-3.12333067830437	
4.38	1.2337687822420895	-3.172679784590949	
4.39	1.2020419843961807	-3.220759861265514	
4.4	1.1698343857835234	-3.267551676938488	
4.41	1.1371588690141392	-3.31303651550741	
4.42	1.1040285038590658	-3.357196183643412	
4.43	1.0704565420226324	-3.4000130180679746	
4.44	1.0364564118419504	-3.441469892618183	
4.45	1.0020417129157693	-3.481550225097004	
4.46	0.9672262106648	-3.520237983905847	
4.47	0.9320238308257422	-3.557517694457006	
4.48	0.8964486538811698	-3.5933744453633163	
4.49	0.8605149094275374	-3.6277938944024974	
4.5	0.8242369704835132	-3.660762274253871	
4.51	0.7876293477409753	-3.692266398005057	
4.5200000000000005	0.7507066837609222	-3.722293664426581	
4.53	0.7134837471166572	-3.7508320630122793	
4.54	0.6759754264865352	-3.777870178783174	
4.55	0.6381967246987043	-3.8033971968535183	
4.5600000000000005	0.6001627527301665	-3.827402906756376	
4.57	0.5618887236626036	-3.84987770652792	
4.58	0.5233899465973252	-3.8708126065478456	
4.59	0.48468182053184755	-3.8901992331353092	
4.6000000000000005	0.44577982820049183	-3.908029831898152	
4.61	0.40669952988151115	-3.9242972708345985	
4.62	0.367456557173166	-3.938995043185984	
4.63	0.328066606741307	-3.9521172700393303	
4.64	0.28854543404091454	-3.963658702678845	
4.65	0.2489088470141234	-3.9736147246853744	
4.66	0.20917269976727051	-3.981981353782853	
4.67	0.16935288622944283	-3.98875524343119	
4.68	0.12946533379513178	-3.993933684164853	
4.69	0.08952599695348055	-3.9975146046765877	
4.7	0.04955085090671553	-3.9994965726459357	
4.71	0.009555885180257023	-3.999878795312136	
4.72	-0.030442902772863486	-3.998661119791217	
4.73	-0.07042951397077836	-3.9958440331371516	
4.74	-0.11038795430214902	-3.991428662147043	
4.75	-0.1503022409236186	-3.985416772910415	
4.76	-0.1901564086527219	-3.9778107701028054	
4.7700000000000005	-0.22993451635375264	-3.968613696023919	
4.78	-0.269620653313991	-3.9578292293807724	
4.79	-0.30919894560779787	-3.9454616838162266	
4.8	-0.3486535624459593	-3.9315160061836005	
4.8100000000000005	-0.38796872250779796	-3.9159977745680252	
4.82	-0.4271287002534774	-3.8989131960552257	
4.83	-0.4661178322140288	-3.8802691042488173	
4.84	-0.5049205232565162	-3.8600729565369587	
4.8500000000000005	-0.5435212528218883	-3.8383328311094074	
4.86	-0.5819045811329816	-3.8150574237265236	
4.87	-0.620055155370246	-3.790256044240906	
4.88	-0.6579577158126543	-3.7639386128736545	
4.89	-0.69559710194139	-3.7361156562464224	
4.9	-0.7329582585038568	-3.706798303170934	
4.91	-0.7700262415355653	-3.675998280197468	
4.92	-0.8067862243375392	-3.6437279069245876	
4.93	-0.8432235034067843	-3.610000091071331	
4.94	-0.8793235043175001	-3.5748283233143483	
4.95	-0.9150717875506428	-3.538226671891762	
4.96	-0.9504540542695596	-3.5002097769761567	
4.97	-0.9854561520393205	-3.460792844818594	
4.98	-1.0200640804875087	-3.419991641666404	
4.99	-1.054263996904172	-3.3778224874568217	
5.0	-1.0880422217787395	-3.334302249289305	
5.01	-1.1213852442716319	-3.289448334678813	
5.0200000000000005	-1.1542797276184222	-3.243278684593201	
5.03	-1.1867125144643536	-3.1958117662768806	
5.04	-1.2186706321271217	-3.147066565864321	
5.05	-1.2501412977857642	-3.097062580785716	
5.0600000000000005	-1.2811119235936235	-3.045819811968429	
5.07	-1.3115701217133071	-2.9933587558367254	
5.08	-1.3415037092716737	-2.9397003961136385	
5.09	-1.3709007132328095	-2.8848661954275876	
5.1000000000000005	-1.3997493751870873	-2.828878086727687	
5.11	-1.4280381560543636	-2.771758464511024	
5.12	-1.4557557406994732	-2.713530175864811	
5.13	-1.4828910424581208	-2.65421651132819	
5.14	-1.509433207571402	-2.5938411955761103	
5.15	-1.535371619527165	-2.5324283779298726	
5.16	-1.5606959033064631	-2.4700026226977507	
5.17	-1.58539592953344	-2.406588899349467	
5.18	-1.6094618185269343	-2.342212572528865	
5.19	-1.6328839442522245	-2.276899391908342	
5.2	-1.6556529381713074	-2.210675481889293	
5.21	-1.6777596929902	-2.143567331152797	
5.22	-1.6991953663017274	-2.0756017820643335	
5.23	-1.7199513841223721	-2.0068060199373887	
5.24	-1.7400194443217456	-1.93720756215949	
5.25	-1.75939151994334	-1.8668342471858732	
5.26	-1.7780598624151984	-1.795714223404111	
5.2700000000000005	-1.7960170046492407	-1.7238759378755442	
5.28	-1.8132557640279958	-1.6513481249565662	
5.29	-1.8297692452775611	-1.5781597948052344	
5.3	-1.8455508432256131	-1.5043402217778874	
5.3100000000000005	-1.860594245443393	-1.4299189327193844	
5.32	-1.8748934347705866	-1.3549256951531485	
5.33	-1.8884426917221178	-1.2793905053742722	
5.34	-1.9012365967758602	-1.203343576451584	
5.3500000000000005	-1.9132700325403769	-1.1268153261426512	
5.36	-1.9245381858018031	-1.049836364727286	
5.37	-1.9350365494490758	-0.9724374827636536	
5.38	-1.944760924276712	-0.894649638772568	
5.39	-1.9537074206644376	-0.816503946854497	
5.4	-1.961872460132983	-0.7380316642442366	
5.41	-1.9692527767754253	-0.6592641788085859	
5.42	-1.975845418563511	-0.5802329964914933	
5.43	-1.9816477485284258	-0.5009697287121079	
5.44	-1.9866574458155473	-0.42150607972076604	
5.45	-1.9908725066127548	-0.34187383391753484	
5.46	-1.99429124495193	-0.262104843139005	
5.47	-1.99691229338332	-0.18223101391788724	
5.48	-1.998734603522499	-0.10228429472092455	
5.49	-1.9997574464697083	-0.02229666316986337	
5.5	-1.999980413101407	0.05769988674921967	
5.51	-1.9994034142339148	0.13767335748288326	
5.5200000000000005	-1.9980266806590858	0.21759176070919503	
5.53	-1.995850763051994	0.29742313013241894	
5.54	-1.9928765317506698	0.3771355342691543	
5.55	-1.9891051764079783	0.4566970892205949	
5.5600000000000005	-1.984538205515772	0.5360759714255873	
5.57	-1.9791774458015163	0.615240430389554	
5.58	-1.973025041497621	0.6941588013844738	
5.59	-1.9660834534837763	0.77279951811419	
5.6000000000000005	-1.958355458302634	0.8511311253404944	
5.61	-1.9498441470492291	0.9291222914649098	
5.62	-1.9405529241345802	1.0067418210609296	
5.63	-1.9304855059239712	1.0839586673514932	
5.64	-1.9196459192504565	1.1607419446277738	
5.65	-1.908038499804178	1.2370609406025233	
5.66	-1.895667890398153	1.3128851286949685	
5.67	-1.8825390391112036	1.3881841802408108	
5.68	-1.8686571973087958	1.4629279766234748	
5.69	-1.85402791754256	1.537086621320893	
5.7	-1.8386570513293514	1.610630451864038	
5.71	-1.8225507468107114	1.6835300517012013	
5.72	-1.8057154462936997	1.7557562619644398	
5.73	-1.7881578836740541	1.827280193132691	
5.74	-1.7698850817427276	1.8980732365871016	
5.75	-1.750904349376857	1.9681070760541461	
5.76	-1.731223278616316	2.037353698931894	
5.7700000000000005	-1.7108497416269957	2.1057854074943765	
5.78	-1.6897918875520523	2.1733748299706663	
5.79	-1.6680581392523461	2.24009493149289	
5.8	-1.6456571899374177	2.3059190249100636	
5.8100000000000005	-1.6225979996883155	2.37082078146243	
5.82	-1.5988897918736917	2.4347742413127613	
5.83	-1.5745420494605646	2.497753823929769	
5.84	-1.5495645112212675	2.559734338320157	
5.8500000000000005	-1.5239671678380642	2.620690993104547	
5.86	-1.4977602579070193	2.680599406433761	
5.87	-1.4709542638426822	2.739435615741273	
5.88	-1.44355990768527	2.797176087327828	
5.89	-1.4155881468119924	2.853797725774572	
5.9	-1.3870501695542448	2.9092778831812005	
5.91	-1.3579573907224334	2.9635943682243724	
5.92	-1.3283214470401903	3.016725455034328	
5.93	-1.2981541924898476	3.068649891884771	
5.94	-1.2674676935709979	3.119346909693199	
5.95	-1.2362742244740665	3.1687962303285087	
5.96	-1.2045862621707821	3.216978074721723	
5.97	-1.1724164814235656	3.2638731707775666	
5.98	-1.1397777497157877	3.309462761082775	
5.99	-1.1066831221049607	3.3537286104091506	
6.0	-1.0731458360008699	3.3966530130071395	
6.01	-1.0391793058707992	3.438218799688054	
6.0200000000000005	-1.0047971178739163	3.4784093446913764	
6.03	-0.9700130244270033	3.517208572335004	
6.04	-0.934840938703654	3.554600963445185	
6.05	-0.8992949290692029	3.5905715615640394	
6.0600000000000005	-0.8633892134535601	3.625105978931908	
6.07	-0.8271381536642418	3.658190402242312	
6.08	-0.7905562496418195	3.6898115981670374	
6.09	-0.7536581336601499	3.7199569186493298	
6.1000000000000005	-0.7164585644736541	3.7486143059629295	
6.11	-0.6789724214140256	3.7757722975349988	
6.12	-0.6412146984386764	3.801420030531003	
6.13	-0.6032004981333672	3.8255472461997426	
6.140000000000001	-0.5649450256713672	3.848144293976612	
6.15	-0.5264635827316019	3.8692021353437793	
6.16	-0.4877715613781649	3.8887123474454994	
6.17	-0.44888443790371074	3.906667126457042	
6.18	-0.40981776663914116	3.923059290706206	
6.19	-0.37058717373207645	3.937882283545847	
6.2	-0.3312083508966188	3.951130175976465	
6.21	-0.291697049136855	3.962797669017727	
6.22	-0.2520690724466786	3.972880095827978	
6.23	-0.21234027148839613	3.9813734235709264	
6.24	-0.1725265372526877	3.988274255028719	
6.25	-0.13264379470240137	3.9935798299607783	
6.26	-0.09270799640279444	3.9972880262078774	
6.2700000000000005	-0.05273511614071297	3.999397360540955	
6.28	-0.01274114253530427	3.9999069892544035	
6.29	0.027257927357238913	3.998816708503533	
6.3	0.06724609444227339	3.9961269543861055	
6.3100000000000005	0.10720736398613714	3.9918388027679073	
6.32	0.14712575201381536	3.985953968852406	
6.33	0.18698529170233857	3.9784748064947126	
6.34	0.22677003976728485	3.9694043072600396	
6.3500000000000005	0.26646408283988793	3.9587460992271573	
6.36	0.30605154383215866	3.9465044455371476	
6.37	0.3455165882875293	3.9326842426882953	
6.38	0.3848434307144114	3.9172910185774477	
6.390000000000001	0.4240163409001885	3.90033093028902	
6.4	0.4630196502030779	3.8818107616322033	
6.41	0.5018377578193991	3.861737920427515	
6.42	0.5404551370236734	3.8401204355438074	
6.43	0.5788563413791107	3.8169669536868156	
6.44	0.6170260109159814	3.792286735940545	
6.45	0.6549488782753861	3.7660896540630677	
6.46	0.6926097748160159	3.7383861865378027	
6.47	0.7299936366813932	3.709187414382425	
6.48	0.7670855108252199	3.678505016716461	
6.49	0.8038705609923837	3.6463512660898867	
6.5	0.8403340736532818	3.612739023574251	
6.51	0.8764614638890236	3.57768173361839	
6.5200000000000005	0.9122382812252099	3.5411934186708716	
6.53	0.9476502154119179	3.503288673571167	
6.54	0.9826831021476288	3.4639826597119354	
6.55	1.0173229287447474	3.4232910989746257	
6.5600000000000005	1.051555839734496	3.3812302674409986	
6.57	1.0853681424089052	3.3378169888828957	
6.58	1.1187463122977335	3.2930686280328283	
6.59	1.151676998578061	3.2470030836385693	
6.6000000000000005	1.184147029414449	3.199638781303628	
6.61	1.2161434172274845	3.1509946661174797	
6.62	1.2476533638886587	3.101090195077582	
6.63	1.2786642658394338	3.0499453293069516	
6.640000000000001	1.3091637191325054	2.9975805260699957	
6.65	1.3391395243932047	2.9440167305898117	
6.66	1.3685796916991022	2.889275367670469	
6.67	1.3974724453758063	2.8333783331271727	
6.68	1.4258062287070774	2.776347985028517	
6.69	1.4535697085573644	2.7182071347533387	
6.7	1.4807517799048973	2.658979037866506	
6.71	1.5073415702835617	2.5986873848171332	
6.72	1.5333284441317325	2.537356291462551	
6.73	1.5587020070463597	2.4750102894223054	
6.74	1.5834521099405823	2.4116743162660175	
6.75	1.607568853103242	2.3473737055384416	
6.76	1.6310425901586258	2.2821341766265504	
6.7700000000000005	1.653863931924893	2.2159818244720713	
6.78	1.6760237501696131	2.1489431091338287	
6.79	1.697513181260951	2.0810448452041053	
6.8	1.7183236297129916	2.0123141910832283	
6.8100000000000005	1.7384467716238252	1.9427786381163796	
6.82	1.7578745580049886	1.87246599959769	
6.83	1.776599218000965	1.8014043996450175	
6.84	1.7946132619974149	1.7296222619509192	
6.8500000000000005	1.8119094846169252	1.6571482984133155	
6.86	1.828480967601058	1.5840114976514057	
6.87	1.8443210825775718	1.510241113410281	
6.88	1.8594234937116743	1.435866652860099	
6.890000000000001	1.8737821602402762	1.3609178647933609	
6.9	1.8873913388882095	1.2854247277260862	
6.91	1.9002455861654701	1.2094174379064828	
6.92	1.9123397605445347	1.132926397237035	
6.93	1.9236690245169048	1.055982201114176	
6.94	1.9342288465280473	0.9786156261904808	
6.95	1.9440150027899519	0.9008576180643294	
6.96	1.953023578970595	0.8227392789022356	
6.97	1.9612509717596172	0.7442918549982632	
6.98	1.9686938903096003	0.665546724276048	
6.99	1.9753493575523606	0.5865353837380197	
7.0	1.9812147113897407	0.5072894368668087	
7.01	1.9862876057584087	0.42784058098461086	
7.0200000000000005	1.990566011568255	0.3482205945745406	
7.03	1.9940482175140004	0.26846132456946353	
7.04	1.996732830759695	0.18859467361403273	
7.05	1.9986187774958353	0.10865258730371852	
7.0600000000000005	1.9997053033688725	0.028667041407138327	
7.07	1.999991973782944	-0.05132997092378687	
7.08	1.999478674073706	-0.1313064519506774	
7.09	1.9981656095541993	-0.21123041214759736	
7.1000000000000005	1.9960533054327232	-0.2910698829959486	
7.11	1.9931426066027638	-0.3707929297720315	
7.12	1.9894346773050435	-0.4503676643200379	
7.13	1.9849310006618432	-0.529762257807129	
7.140000000000001	1.9796333780837716	-0.6089449534545063	
7.15	1.9735439285492267	-0.6878840792396459	
7.16	1.9666650877568304	-0.7665480605647698	
7.17	1.9589996071511828	-0.8449054328861518	
7.18	1.9505505528223215	-0.9229248542996603	
7.19	1.9413213042793243	-1.000575118076962	
7.2	1.9313155530985548	-1.0778251651478061	
7.21	1.920537301447077	-1.1546440965234408	
7.22	1.9089908604818429	-1.231001185655495	
7.23	1.896680848625287	-1.306865890726444	
7.24	1.883612189718023	-1.3822078668657218	
7.25	1.869790111049366	-1.456996978287437	
7.26	1.855220141266492	-1.5312033103442502	
7.2700000000000005	1.8399081081630484	-1.6047971814926574	
7.28	1.8238601363481222	-1.6777491551655113	
7.29	1.8070826447964674	-1.7500300515459406	
7.3	1.7895823442810084	-1.8216109592392162	
7.3100000000000005	1.771366234688615	-1.8924632468366025	
7.32	1.7524416022202494	-1.962558574367776	
7.33	1.732816016476572	-2.0318689046362683	
7.34	1.7124973274302098	-2.1003665144341626	
7.3500000000000005	1.6914936622858667	-2.1680240056307882	
7.36	1.6698134222295593	-2.2348143161317533	
7.37	1.6474652790682422	-2.300710730703419	
7.38	1.6244581717612085	-2.3656868916584983	
7.390000000000001	1.600801302844622	-2.4297168093989927	
7.4	1.5765041347506326	-2.4927748728115517	
7.41	1.5515763860225176	-2.5548358595115164	
7.42	1.526028027427403	-2.615874945931707	
7.43	1.4998692779680864	-2.675867717251387	
7.44	1.4731106007955708	-2.7347901771619303	
7.45	1.445762699023952	-2.792618757464986	
7.46	1.4178365114493028	-2.849330327499494	
7.47	1.3893432081743085	-2.904902203393548	
7.48	1.360294186140371	-2.9593121571377576	
7.49	1.330701064568994	-3.0125384254761056	
7.5	1.3005756803142337	-3.0645597186108584	
7.51	1.2699300831281257	-3.1153552287184754	
7.5200000000000005	1.2387765308409389	-3.1649046382720822	
7.53	1.2071274844582187	-3.2131881281685777	
7.54	1.1749956031765336	-3.2601863856557083	
7.55	1.1423937393199772	-3.305880612057165	
7.5600000000000005	1.1093349331994034	-3.3502525302916246	
7.57	1.0758324078964878	-3.393284392183388	
7.58	1.0418995639746547	-3.4349589855614826	
7.59	1.0075499741190406	-3.4752596411442003	
7.6000000000000005	0.9727973777075962	-3.5141702392066128	
7.61	0.9376556753155308	-3.551675216028347	
7.62	0.9021389231552481	-3.5877595701186857	
7.63	0.866261327454062	-3.6224088682171636	
7.640000000000001	0.830037238771888	-3.6556092510664606	
7.65	0.7934811462612241	-3.6873474389561576	
7.66	0.7566076718716633	-3.7176107370342506	
7.67	0.7194315645013216	-3.746387040385004	
7.68	0.6819676940974724	-3.773664838870772	
7.69	0.6442310457087621	-3.7994332217358404	
7.7	0.6062367134914045	-3.823681881970657	
7.71	0.5679998946716988	-3.846401120434433	
7.72	0.5295358834673553	-3.8675818497346968	
7.73	0.49086006497000567	-3.8872155978621366	
7.74	0.45198790899138513	-3.9052945115792768	
7.75	0.4129349638755932	-3.9218113595616946	
7.76	0.3737168502799771	-3.9367595352904026	
7.7700000000000005	0.3343492549270704	-3.950133059694423	
7.78	0.294847924330127	-3.961926583542309	
7.79	0.2552286584947048	-3.9721353895817506	
7.8	0.21550730459888812	-3.9807553944264638	
7.8100000000000005	0.1756997506546208	-3.9877831501894407	
7.82	0.13582191915272723	-3.9932158458620712	
7.83	0.09588976069410737	-3.9970513084385266	
7.84	0.05591924760972296	-3.999288003784913	
7.8500000000000005	0.015926367571871134	-3.999925037252914	
7.86	-0.024072882800657152	-3.9989621540376366	
7.87	-0.06406250434103267	-3.996399739279529	
7.88	-0.1040265017338271	-3.9922388179103288	
7.890000000000001	-0.1439488899129331	-3.9864810542431033	
7.9	-0.18381370045536327	-3.9791287513065585	
7.91	-0.223604987968428	-3.970184849923829	
7.92	-0.26330683646766545	-3.959652927536222	
7.930000000000001	-0.30290336574303034	-3.9475371967722723	
7.94	-0.3423787377107522	-3.9338425037627363	
7.95	-0.38171716274837875	-3.9185743262022346	
7.96	-0.42090290601040026	-3.901738771158214	
7.97	-0.45992029372198157	-3.883342572628211	
7.98	-0.4987537194482663	-3.863393088846372	
7.99	-0.5373876503367292	-3.8418982993402224	
8.0	-0.5758066333301306	-3.818866801738955	
8.01	-0.6139953013475193	-3.7943078083345436	
8.02	-0.651938379430864	-3.7682311423968855	
8.03	-0.689620690854832	-3.740647234244691	
8.040000000000001	-0.7270271631972848	-3.7115671170734235	
8.05	-0.7641428343680182	-3.6810024225422353	
8.06	-0.8009528585934398	-3.6489653761213936	
8.07	-0.837442512354653	-3.615468792202347	
8.08	-0.8735972002766756	-3.5805260689720106	
8.09	-0.909402460966395	-3.5441511830538097	
8.1	-0.9448439727969323	-3.506358683917096	
8.11	-0.9799075596361025	-3.4671636880576417	
8.120000000000001	-1.0145791965166844	-3.4265818729512016	
8.13	-1.0488450152461957	-3.3846294707827127	
8.14	-1.082691309954022	-3.341323261953737	
8.15	-1.1161045425735587	-3.2966805683703395	
8.16	-1.1490713482572614	-3.2507192465147465	
8.17	-1.1815785407224082	-3.203457680302903	
8.18	-1.2136131175254365	-3.1549147737311327	
8.19	-1.2451622652627472	-3.1051099433148317	
8.2	-1.2762133646958949	-3.054063110322136	
8.21	-1.306753995799121	-3.0017946928056123	
8.22	-1.3367719427271765	-2.948325597435338	
8.23	-1.3662551987015292	-2.8936772111365756	
8.24	-1.3951919708128944	-2.8378713925352343	
8.25	-1.423570684738246	-2.7809304632146516	
8.26	-1.451379989370392	-2.722877198787335	
8.27	-1.4786087613582648	-2.66373481978507	
8.28	-1.505246109556115	-2.603526982370889	
8.290000000000001	-1.531281379379828	-2.5422777688769536	
8.3	-1.5567041570685969	-2.4800116781720978	
8.31	-1.5815042738503173	-2.4167536158623397	
8.32	-1.6056718100089402	-2.3525288843291583	
8.33	-1.6291970988522313	-2.2873631726089405	
8.34	-1.6520707305783202	-2.221282546117379	
8.35	-1.6742835560394935	-2.1543134362241436	
8.36	-1.6958266904017345	-2.086482629680149	
8.370000000000001	-1.7166915166985393	-2.01781725790373	
8.38	-1.7368696892775761	-1.9483447861279728	
8.39	-1.7563531371388554	-1.8780930024154108	
8.4	-1.7751340671630091	-1.8070900065427271	
8.41	-1.793204967228436	-1.7353641987616946	
8.42	-1.8105586092160526	-1.662944268438995	
8.43	-1.8271880519004422	-1.5898591825812443	
8.44	-1.8430866437262543	-1.5161381742482818	
8.45	-1.8582480254687368	-1.4418107308605344	
8.46	-1.8726661327773444	-1.3669065824043105	
8.47	-1.8863351986013872	-1.291455689540327	
8.48	-1.8992497554967902	-1.2154882316196807	
8.49	-1.9114046378129868	-1.139034594612711	
8.5	-1.9227949837591136	-1.0621253589548245	
8.51	-1.9334162373486616	-0.9847912873148111	
8.52	-1.9432641502218095	-0.9070633122902654	
8.53	-1.952334783344712	-0.8289725240348026	
8.540000000000001	-1.9606245085850613	-0.7505501578225653	
8.55	-1.9681300101632868	-0.6718275815543883	
8.56	-1.9748482859788306	-0.5928362832111527	
8.57	-1.980776648810942	-0.5136078582590574	
8.58	-1.9859127273935324	-0.43417399701165355	
8.59	-1.9902544673636489	-0.3545664719543393	
8.6	-1.9938001320831922	-0.2748171250357482	
8.61	-1.9965483033335496	-0.19495785493130197	
8.620000000000001	-1.998497881882863	-0.11502060428430184	
8.63	-1.999648087925706	-0.03503734692920166	
8.64	-1.999998461394998	0.04495992489757057	
8.65	-1.9995488621460222	0.12493921335379454	
8.66	-1.9982994700124843	0.20486852779051815	
8.67	-1.9962507847345792	0.2847158975476887	
8.68	-1.9934036257591023	0.3644493847419905	
8.69	-1.9897591319116825	0.44403709704163574	
8.700000000000001	-1.9853187609412655	0.523447200422933	
8.71	-1.9800842889370363	0.6026479319032014	
8.72	-1.9740578096180044	0.6816076122459526	
8.73	-1.967241733495545	0.76029465863176	
8.74	-1.9596387869092275	0.8386775972912554	
8.75	-1.9512520109363152	0.9167250760940577	
8.76	-1.9420847601753748	0.9944058770892318	
8.77	-1.9321407014044827	1.0716889289921656	
8.78	-1.9214238121145613	1.148543319612492	
8.790000000000001	-1.9099383789184345	1.2249383082186855	
8.8	-1.897688995836248	1.3008433378338735	
8.81	-1.8846805624579095	1.3762280474582793	
8.82	-1.870918281983327	1.4510622842131535	
8.83	-1.8564076591411958	1.5253161154015973	
8.84	-1.8411544979871801	1.598959840481141	
8.85	-1.825164899582369	1.6719640029437068	
8.86	-1.8084452595529323	1.7442994020976093	
8.870000000000001	-1.7910022655319535	1.8159371047477166	
8.88	-1.7728428944844767	1.8868484567680934	
8.89	-1.7539744099167962	1.9570050945633994	
8.9	-1.7344043589711626	2.0263789564139087	
8.91	-1.714140569407024	2.094942293699931	
8.92	-1.693191146470025	2.1626676820006203	
8.93	-1.6715644696500194	2.229528032063713	
8.94	-1.6492691893293827	2.2954966006406305	
8.950000000000001	-1.6263142233229728	2.360547001183494	
8.96	-1.6027087533111384	2.4246532143994486	
8.97	-1.5784622211671444	2.487789598657861	
8.98	-1.5535843251805663	2.549930900246965	
8.99	-1.5280850161780972	2.6110522634745448	
9.0	-1.5019744935433523	2.6711292406103384	
9.01	-1.4752632011372495	2.730137801664459	
9.02	-1.4479618231206055	2.7880543439992396	
9.03	-1.4200812796806137	2.844855701770021	
9.040000000000001	-1.391632722662909	2.900519155190979	
9.05	-1.3626275311109999	2.9550224396229305	
9.06	-1.3330773067147712	3.008343754478801	
9.07	-1.3029938691699838	3.060461771943611	
9.08	-1.2723892514505484	3.1113556455052644	
9.09	-1.2412756949954964	3.161005018292885	
9.1	-1.2096656448125682	3.209390031219363	
9.11	-1.1775717445003753	3.256491330924651	
9.120000000000001	-1.1450068311911237	3.3022900775168824	
9.13	-1.1119839304159556	3.346767952108048	
9.14	-1.0785162508948758	3.3899071641413427	
9.15	-1.044617179253463	3.4316904585071595	
9.16	-1.0103002746683922	3.4721011224448115	
9.17	-0.9755792634439449	3.511122992227564	
9.18	-0.94046803352167	3.5487404596277727	
9.19	-0.904980628925393	3.5849384781600326	
9.200000000000001	-0.8691312441437871	3.6197025690995805	
9.21	-0.832934218452792	3.6530188272735464	
9.22	-0.7964040301800573	3.684873926622868	
9.23	-0.7595552909138295	3.7152551255325363	
9.24	-0.7224027396585049	3.7441502719280617	
9.25	-0.6849612369392251	3.771547808136147	
9.26	-0.6472457588578644	3.7974367755076375	
9.27	-0.6092713911027888	3.821806818800725	
9.28	-0.5710533229147824	3.8446481903230287	
9.290000000000001	-0.5326068410115461	3.865951753830515	
9.3	-0.4939473234732418	3.8857089881817903	
9.31	-0.4550902335914247	3.903911990746561	
9.32	-0.4160511136839599	3.9205534805664968	
9.33	-0.3768455788782958	3.9356268012675506	
9.34	-0.3374893108656211	3.9491259237224363	
9.35	-0.2979980516283976	3.961045448462126	
9.36	-0.2583875971437772	3.9713806078356795	
9.370000000000001	-0.21867379106541418	3.980127267917129	
9.38	-0.17887251838624374	3.987281930159069	
9.39	-0.1389996990846539	3.9928417327919914	
9.4	-0.09907128175673484	3.9968044519689805	
9.41	-0.059103237237045886	3.999168502655196	
9.42	-0.019111552210494775	3.999932939261886	
9.43	0.020887777182123236	3.9990974560245993	
9.44	0.06087875174236838	3.9966623871254914	
9.450000000000001	0.10084537561362954	3.9926287065596537	
9.46	0.14077166267922522	3.9869980277455324	
9.47	0.1806416429566797	3.9797726028795792	
9.48	0.22043936898547464	3.9709553220354006	
9.49	0.2601489222058278	3.9605497120077726	
9.5	0.2997544193259047	3.9485599349019638	
9.51	0.3392400186749235	3.934990786468962	
9.52	0.37858992653961226	3.919847694187218	
9.53	0.4177884034814836	3.9031367150917324	
9.540000000000001	0.45681977063240703	3.8848645333513447	
9.55	0.49566841596591965	3.865038457595115	
9.56	0.53431880054187	3.843666417989004	
9.57	0.5727554647217592	3.820756963063913	
9.58	0.6109630343523975	3.7963192562963353	
9.59	0.6489262269153601	3.770363072443153	
9.6	0.6866298576397908	3.7428987936318348	
9.61	0.7240588455761083	3.713937405207698	
9.620000000000001	0.7611982196281911	3.6834904913400033	
9.63	0.7980331245415904	3.6515702303883235	
9.64	0.8345488268454728	3.618189390031434	
9.65	0.8707307207457864	3.5833613221604264	
9.66	0.9065643339673899	3.5470999575380446	
9.67	0.9420353335427696	3.5094198002267065	
9.68	0.9771295315450359	3.470335921786923	
9.69	1.0118328907629044	3.42986395524891	
9.700000000000001	1.0461315303153988	3.3880200888597503	
9.71	1.0800117312039956	3.3448210596080323	
9.72	1.1134599418000752	3.300284146529501	
9.73	1.1464627832653695	3.2544271637955395	
9.74	1.1790070549033242	3.2072684535878544	
9.75	1.211079739439202	3.1588268787617455	
9.76	1.2426680082268189	3.109121815301252	
9.77	1.2737592263798307	3.0581731445690417	
9.78	1.3043409578255205	3.006001245354125	
9.790000000000001	1.3344009702790665	2.9526269857205376	
9.8	1.3639272401362712	2.8980717146604724	
9.81	1.3929079572828753	2.8423572535550106	
9.82	1.4213315298184248	2.78550588744572	
9.83	1.4491865886928814	2.7275403561210303	
9.84	1.4764619922540911	2.6684838450205985	
9.85	1.5031468307042966	2.608359975961483	
9.86	1.5292304304639108	2.547192797689647	
9.870000000000001	1.5547023584408113	2.4850067762608536	
9.88	1.5795524262034193	2.42182678525454	
9.89	1.6037706940559642	2.357678095824706	
9.9	1.6273474750142107	2.2925863665918467	
9.91	1.6502733386801287	2.22657763337977	
9.92	1.672539115013926	2.1596782988016168	
9.93	1.6941358980019416	2.0919151216992837	
9.94	1.715055049218934	2.0233152064400963	
9.950000000000001	1.7352882012833382	1.9539059920755193	
9.96	1.754827261204093	1.8837152413658533	
9.97	1.773664413617751	1.8127710296754915	
9.98	1.7917921239145056	1.7411017337432149	
9.99	1.8092031412519374	1.6687360203318313	
10.0	1.8258905014552553	0.0	
